# Halo ICA model for C++ use
# features: LOGMHALO Halfmass_Scale c Spin
# n_features: 4
# n_components: 4

# mean (4)
1.1480202340e+01 4.2505889376e-01 1.0806159477e+01 4.1127375465e-02

# forward_matrix (4 x 4)  — IC = (x - mean) @ forward_matrix
2.1602930859e+00 -2.9735870171e-01 5.7553798726e-01 -1.8218357073e-02
1.0419067140e+00 -3.9566986714e+00 -1.1100243335e+01 1.5792794902e+00
1.8886976494e-02 -2.1374824291e-01 -3.1677451760e-02 1.7985040007e-02
-1.0988140307e+00 -4.7607300231e+00 2.1991978864e+01 3.9600878585e+01

# inverse_matrix (4 x 4)  — x = IC @ inverse_matrix + mean
4.5980511251e-01 2.6381491261e-02 -1.1206263879e+00 -3.3161748920e-04
3.6160095575e-02 1.9601147456e-02 -5.1263576234e+00 1.5631177016e-03
3.0308516623e-02 -8.7264485296e-02 1.5106500057e+00 2.8079700859e-03
2.7384505297e-04 5.1549938110e-02 -1.4862990354e+00 2.3871298073e-02
