# Halo ICA model for C++ use
# features: LOGMHALO c Spin Halfmass_Scale
# n_features: 4
# n_components: 4

# scaler_mean (4)
1.1729861875e+01 1.0210275151e+01 4.0939362610e-02 4.3761790128e-01

# scaler_scale (4)
7.2022804754e-01 5.7009563487e+00 2.3828095748e-02 1.0995029980e-01

# ica_mean_in_scaled_space (4)
9.6053996448e-16 -4.2690810391e-16 -3.6634717792e-16 -6.2619291309e-16

# ica_components (4 x 4)  — row i is eigenvector i
1.0033219239e+00 2.4408854744e-01 -4.1651758727e-02 2.1567040110e-01
-1.7113073740e-01 -1.2334528590e+00 -1.1553239053e-01 -4.0038832914e-01
4.3135389169e-01 -1.5584809339e-01 5.2196947974e-01 -1.1928251727e+00
-1.6439427636e-02 9.5410095674e-02 9.5238434039e-01 1.7053881095e-01

# ica_mixing_matrix (4 x 4)  — for inverse transform
9.7696844178e-01 1.7861333775e-01 1.1674661335e-01 4.0940475594e-04
-2.5519218037e-01 -9.0839870667e-01 2.2388291238e-01 -2.4405979257e-01
-2.4856514220e-02 5.6816179649e-02 1.1812699939e-01 9.9106008266e-01
3.7576002136e-01 2.0813953480e-01 -7.7368750401e-01 4.6571449037e-01

# ica_order (length 4)
3 1 0 2

# ica_signs (length 4)
1 1 1 1
