# Halo ICA model for C++ use
# features: LOGMHALO c Spin Halfmass_Scale
# n_features: 4
# n_components: 4

# scaler_mean (4)
1.1729114251e+01 1.0210195764e+01 4.0909325736e-02 4.3751830238e-01

# scaler_scale (4)
7.2001750918e-01 5.6850555513e+00 2.3803202471e-02 1.0979672519e-01

# ica_mean_in_scaled_space (4)
4.3666145835e-16 -2.2247872606e-16 1.3636213662e-16 -1.7266624019e-15

# ica_components (4 x 4)  — row i is eigenvector i
1.0037777065e+00 2.4623603526e-01 -4.2475805352e-02 2.1788863075e-01
-1.7298399476e-01 -1.2349844215e+00 -1.1443252024e-01 -4.0149053948e-01
4.3132660473e-01 -1.5679484387e-01 5.1103079042e-01 -1.1945739785e+00
-1.2621070085e-02 9.4215869104e-02 9.5831338137e-01 1.5704215937e-01

# ica_mixing_matrix (4 x 4)  — for inverse transform
9.7659188961e-01 1.7988977396e-01 1.1791688802e-01 1.8862375863e-03
-2.5693567532e-01 -9.0810145294e-01 2.2669877093e-01 -2.4071451386e-01
-2.3539084079e-02 5.7444622706e-02 1.0685483549e-01 9.9233465674e-01
3.7627393900e-01 2.0872113942e-01 -7.7858584998e-01 4.5679041474e-01
