# Halo ICA model for C++ use
# features: LOGMHALO Halfmass_Scale c Spin
# n_features: 4
# n_components: 4

# scaler_mean (4)
1.1480202340e+01 4.2505889376e-01 1.0806159477e+01 4.1127375465e-02

# scaler_scale (4)
4.6221961791e-01 1.0654893043e-01 5.6591955476e+00 2.4088936771e-02

# ica_mean_in_scaled_space (4)
-1.3738036218e-14 -4.3125896616e-15 -6.8368054555e-16 1.1516785765e-15

# ica_components (4 x 4)  — row i is eigenvector i
9.9852984473e-01 1.1101404599e-01 1.0688509328e-01 -2.6469261710e-02
-1.3744502549e-01 -4.2158201147e-01 -1.2096431046e+00 -1.1468092451e-01
2.6602494856e-01 -1.1827190548e+00 -1.7926889396e-01 5.2976338834e-01
-8.4208820449e-03 1.6827054053e-01 1.0178085833e-01 9.5394306033e-01

# ica_mixing_matrix (4 x 4)  — for inverse transform
9.9477628102e-01 7.8231416786e-02 6.5571679454e-02 5.9245657773e-04
2.4759977556e-01 1.8396381247e-01 -8.1900855263e-01 4.8381469341e-01
-1.9801867217e-01 -9.0584564188e-01 2.6693723393e-01 -2.6263433078e-01
-1.3766381320e-02 6.4889443500e-02 1.1656679215e-01 9.9096520112e-01
